function x = data()
x = [
% maxiter width height lower_r upper_r lower_i upper_i nb_thread loadbalance try thread thread_start_time_sec thread_start_time_nsec thread_stop_time_sec thread_stop_time_nsec global_start_time_sec global_start_time_nsec global_stop_time_sec global_stop_time_nsec
256 500 375 -2 0.6 -1 1 0 0 1 0 42277 28859535 42277 168876921 42277 28858627 42277 168877619
256 500 375 -2 0.6 -1 1 0 0 2 0 42277 225804953 42277 367644269 42277 225804045 42277 367644898
256 500 375 -2 0.6 -1 1 0 0 3 0 42277 424455523 42277 567843123 42277 424454545 42277 567843821
256 500 375 -2 0.6 -1 1 0 0 4 0 42277 622907949 42277 766629609 42277 622907041 42277 766630237
256 500 375 -2 0.6 -1 1 0 0 5 0 42277 823926204 42277 967263938 42277 823925226 42277 967264636
256 500 375 -2 0.6 -1 1 0 0 6 0 42278 18906443 42278 158908113 42278 18905465 42278 158908742
256 500 375 -2 0.6 -1 1 0 0 7 0 42278 215026034 42278 357383168 42278 215025126 42278 357383796
256 500 375 -2 0.6 -1 1 0 0 8 0 42278 415541140 42278 557838139 42278 415540232 42278 557838907
256 500 375 -2 0.6 -1 1 0 0 9 0 42278 603925242 42278 741151623 42278 603924264 42278 741152392
256 500 375 -2 0.6 -1 1 0 0 10 0 42278 801084242 42278 945749484 42278 801083334 42278 945750113
256 500 375 -2 0.6 -1 1 0 1 1 0 42279 10067838 42279 155357061 42279 10066860 42279 155357689
256 500 375 -2 0.6 -1 1 0 1 2 0 42279 213549395 42279 356732146 42279 213548487 42279 356732774
256 500 375 -2 0.6 -1 1 0 1 3 0 42279 412523898 42279 556352978 42279 412522990 42279 556353606
256 500 375 -2 0.6 -1 1 0 1 4 0 42279 614532253 42279 757231548 42279 614531275 42279 757232177
256 500 375 -2 0.6 -1 1 0 1 5 0 42279 818783063 42279 964824357 42279 818782155 42279 964824985
256 500 375 -2 0.6 -1 1 0 1 6 0 42280 22936372 42280 166508570 42280 22935464 42280 166509268
256 500 375 -2 0.6 -1 1 0 1 7 0 42280 222856274 42280 366470796 42280 222855366 42280 366471495
256 500 375 -2 0.6 -1 1 0 1 8 0 42280 421994140 42280 566207079 42280 421993163 42280 566207848
256 500 375 -2 0.6 -1 1 0 1 9 0 42280 623583504 42280 766795730 42280 623582527 42280 766796358
256 500 375 -2 0.6 -1 1 0 1 10 0 42280 824877082 42280 967272910 42280 824876174 42280 967273539
256 500 375 -2 0.6 -1 1 0 2 1 0 42281 32789005 42281 176448925 42281 32788097 42281 176449624
256 500 375 -2 0.6 -1 1 0 2 2 0 42281 233989343 42281 376834890 42281 233988435 42281 376835449
256 500 375 -2 0.6 -1 1 0 2 3 0 42281 436624610 42281 578108911 42281 436623632 42281 578109539
256 500 375 -2 0.6 -1 1 0 2 4 0 42281 636318498 42281 778151388 42281 636317520 42281 778152296
256 500 375 -2 0.6 -1 1 0 2 5 0 42281 828043344 42281 968804559 42281 828042366 42281 968805467
256 500 375 -2 0.6 -1 1 0 2 6 0 42282 3830452 42282 140886414 42282 3829334 42282 140887252
256 500 375 -2 0.6 -1 1 0 2 7 0 42282 199902201 42282 345301567 42282 199901363 42282 345302195
256 500 375 -2 0.6 -1 1 0 2 8 0 42282 402542635 42282 546423889 42282 402541727 42282 546424448
256 500 375 -2 0.6 -1 1 0 2 9 0 42282 602853449 42282 746571828 42282 602852541 42282 746572456
256 500 375 -2 0.6 -1 1 0 2 10 0 42282 808534510 42282 954816763 42282 808533532 42282 954817322
256 500 375 -2 0.6 -1 1 1 0 1 1 42283 19677171 42283 165292630 42283 19666275 42283 165300383
256 500 375 -2 0.6 -1 1 1 0 2 1 42283 222365869 42283 366378427 42283 222354624 42283 366421380
256 500 375 -2 0.6 -1 1 1 0 3 1 42283 428161260 42283 574711364 42283 428149457 42283 574758159
256 500 375 -2 0.6 -1 1 1 0 4 1 42283 636899430 42283 784209985 42283 636888814 42283 784243651
256 500 375 -2 0.6 -1 1 1 0 5 1 42283 846082361 42283 993864706 42283 846070627 42283 993913596
256 500 375 -2 0.6 -1 1 1 0 6 1 42284 56655799 42284 204081456 42284 56616407 42284 204128321
256 500 375 -2 0.6 -1 1 1 0 7 1 42284 265618514 42284 413699579 42284 265607478 42284 413744488
256 500 375 -2 0.6 -1 1 1 0 8 1 42284 474787124 42284 616991652 42284 474781747 42284 617002268
256 500 375 -2 0.6 -1 1 1 0 9 1 42284 679400492 42284 825217519 42284 679388339 42284 825250625
256 500 375 -2 0.6 -1 1 1 0 10 1 42284 888329890 42285 34754067 42284 888318855 42285 34801002
256 500 375 -2 0.6 -1 1 1 1 1 1 42285 104267011 42285 247032309 42285 104255417 42285 247078685
256 500 375 -2 0.6 -1 1 1 1 2 1 42285 296840313 42285 433654127 42285 296834795 42285 433700224
256 500 375 -2 0.6 -1 1 1 1 3 1 42285 494555961 42285 637266990 42285 494543040 42285 637312458
256 500 375 -2 0.6 -1 1 1 1 4 1 42285 698046947 42285 844679045 42285 698033747 42285 844723325
256 500 375 -2 0.6 -1 1 1 1 5 1 42285 905406550 42286 47588865 42285 905390137 42286 47634612
256 500 375 -2 0.6 -1 1 1 1 6 1 42286 113044688 42286 256654947 42286 113032256 42286 256687214
256 500 375 -2 0.6 -1 1 1 1 7 1 42286 319078247 42286 465075538 42286 319061764 42286 465125826
256 500 375 -2 0.6 -1 1 1 1 8 1 42286 526628939 42286 668263545 42286 526613364 42286 668298676
256 500 375 -2 0.6 -1 1 1 1 9 1 42286 730037790 42286 875468724 42286 730019350 42286 875515659
256 500 375 -2 0.6 -1 1 1 1 10 1 42286 938748998 42287 84933122 42286 938732096 42287 84964412
256 500 375 -2 0.6 -1 1 1 2 1 1 42287 150362894 42287 150364081 42287 150348925 42287 150368341
256 500 375 -2 0.6 -1 1 1 2 2 1 42287 210848181 42287 210849438 42287 210836866 42287 210853419
256 500 375 -2 0.6 -1 1 1 2 3 1 42287 273537093 42287 273538280 42287 273523194 42287 273542471
256 500 375 -2 0.6 -1 1 1 2 4 1 42287 334427402 42287 334428589 42287 334412595 42287 334432920
256 500 375 -2 0.6 -1 1 1 2 5 1 42287 393765305 42287 393766493 42287 393754550 42287 393770544
256 500 375 -2 0.6 -1 1 1 2 6 1 42287 454197234 42287 454198072 42287 454192415 42287 454207221
256 500 375 -2 0.6 -1 1 1 2 7 1 42287 515407076 42287 515408333 42287 515394364 42287 515412594
256 500 375 -2 0.6 -1 1 1 2 8 1 42287 578045700 42287 578046888 42287 578033757 42287 578052755
256 500 375 -2 0.6 -1 1 1 2 9 1 42287 639631928 42287 639632835 42287 639616911 42287 639658049
256 500 375 -2 0.6 -1 1 1 2 10 1 42287 701910650 42287 701911837 42287 701897240 42287 701920079
256 500 375 -2 0.6 -1 1 2 0 1 1 42287 770427632 42287 843290048 42287 768793439 42287 843297172
256 500 375 -2 0.6 -1 1 2 0 1 2 42287 768819631 42287 843075629 42287 768793439 42287 843297172
256 500 375 -2 0.6 -1 1 2 0 2 1 42287 899550100 42287 976866839 42287 899464263 42287 976875290
256 500 375 -2 0.6 -1 1 2 0 2 2 42287 899534595 42287 976819625 42287 899464263 42287 976875290
256 500 375 -2 0.6 -1 1 2 0 3 1 42288 32538952 42288 100999499 42288 26163870 42288 101030929
256 500 375 -2 0.6 -1 1 2 0 3 2 42288 26184054 42288 94737843 42288 26163870 42288 101030929
256 500 375 -2 0.6 -1 1 2 0 4 1 42288 161192704 42288 231474203 42288 161180202 42288 231519392
256 500 375 -2 0.6 -1 1 2 0 4 2 42288 161186348 42288 231436627 42288 161180202 42288 231519392
256 500 375 -2 0.6 -1 1 2 0 5 1 42288 292250039 42288 361974679 42288 292234953 42288 362004991
256 500 375 -2 0.6 -1 1 2 0 5 2 42288 292246477 42288 361931795 42288 292234953 42288 362004991
256 500 375 -2 0.6 -1 1 2 0 6 1 42288 413004800 42288 488203961 42288 412913306 42288 488292313
256 500 375 -2 0.6 -1 1 2 0 6 2 42288 413019048 42288 488258578 42288 412913306 42288 488292313
256 500 375 -2 0.6 -1 1 2 0 7 1 42288 551902597 42288 621820564 42288 551822208 42288 621866102
256 500 375 -2 0.6 -1 1 2 0 7 2 42288 551879340 42288 621772721 42288 551822208 42288 621866102
256 500 375 -2 0.6 -1 1 2 0 8 1 42288 685880637 42288 759430103 42288 685828674 42288 759476759
256 500 375 -2 0.6 -1 1 2 0 8 2 42288 685889787 42288 759384426 42288 685828674 42288 759476759
256 500 375 -2 0.6 -1 1 2 0 9 1 42288 819769489 42288 890986958 42288 819739736 42288 891061690
256 500 375 -2 0.6 -1 1 2 0 9 2 42288 819779058 42288 891027118 42288 819739736 42288 891061690
256 500 375 -2 0.6 -1 1 2 0 10 1 42288 951022806 42289 21481358 42288 951007510 42289 21587660
256 500 375 -2 0.6 -1 1 2 0 10 2 42288 951014565 42289 21554694 42288 951007510 42289 21587660
