function x = data()
x = [
% maxiter width height lower_r upper_r lower_i upper_i nb_thread loadbalance try thread thread_start_time_sec thread_start_time_nsec thread_stop_time_sec thread_stop_time_nsec global_start_time_sec global_start_time_nsec global_stop_time_sec global_stop_time_nsec
256 500 375 -2 0.6 -1 1 0 0 1 0 39209 148360733 39209 294651715 39209 148359755 39209 294652343
256 500 375 -2 0.6 -1 1 0 0 2 0 39209 352391047 39209 497501399 39209 352390069 39209 497502167
256 500 375 -2 0.6 -1 1 0 0 3 0 39209 554578757 39209 697185928 39209 554577779 39209 697186627
256 500 375 -2 0.6 -1 1 0 0 4 0 39209 753843530 39209 896868084 39209 753842622 39209 896868713
256 500 375 -2 0.6 -1 1 0 0 5 0 39209 953197908 39210 96625668 39209 953196930 39210 96626296
256 500 375 -2 0.6 -1 1 0 0 6 0 39210 151479077 39210 295894491 39210 151478099 39210 295895120
256 500 375 -2 0.6 -1 1 0 0 7 0 39210 352841450 39210 496448497 39210 352840542 39210 496449056
256 500 375 -2 0.6 -1 1 0 0 8 0 39210 529266856 39210 667367882 39210 529266158 39210 667368581
256 500 375 -2 0.6 -1 1 0 0 9 0 39210 724416534 39210 867092780 39210 724415626 39210 867093408
256 500 375 -2 0.6 -1 1 0 0 10 0 39210 924677059 39211 73557620 39210 924676151 39211 73558319
256 500 375 -2 0.6 -1 1 0 1 1 0 39211 137856350 39211 278547513 39211 137855512 39211 278548281
256 500 375 -2 0.6 -1 1 0 1 2 0 39211 336870103 39211 478079015 39211 336869195 39211 478079643
256 500 375 -2 0.6 -1 1 0 1 3 0 39211 536319053 39211 673786320 39211 536318354 39211 673786948
256 500 375 -2 0.6 -1 1 0 1 4 0 39211 731217714 39211 876597730 39211 731216806 39211 876598359
256 500 375 -2 0.6 -1 1 0 1 5 0 39211 934300884 39212 77049000 39211 934299907 39212 77049558
256 500 375 -2 0.6 -1 1 0 1 6 0 39212 136041318 39212 277823850 39212 136040410 39212 277824479
256 500 375 -2 0.6 -1 1 0 1 7 0 39212 335867209 39212 477670697 39212 335866301 39212 477671325
256 500 375 -2 0.6 -1 1 0 1 8 0 39212 535967377 39212 677900490 39212 535966469 39212 677901119
256 500 375 -2 0.6 -1 1 0 1 9 0 39212 734938177 39212 877286649 39212 734937339 39212 877287208
256 500 375 -2 0.6 -1 1 0 1 10 0 39212 932177704 39213 76179158 39212 932176797 39213 76179787
256 500 375 -2 0.6 -1 1 0 2 1 0 39213 140389113 39213 285465944 39213 140387926 39213 285466572
256 500 375 -2 0.6 -1 1 0 2 2 0 39213 342263019 39213 486218515 39213 342262111 39213 486219144
256 500 375 -2 0.6 -1 1 0 2 3 0 39213 544985520 39213 687361511 39213 544984612 39213 687362139
256 500 375 -2 0.6 -1 1 0 2 4 0 39213 739818946 39213 885556912 39213 739817968 39213 885557611
256 500 375 -2 0.6 -1 1 0 2 5 0 39213 940536318 39214 85634379 39213 940535341 39214 85635008
256 500 375 -2 0.6 -1 1 0 2 6 0 39214 145052672 39214 287343453 39214 145051764 39214 287344082
256 500 375 -2 0.6 -1 1 0 2 7 0 39214 343862275 39214 486871464 39214 343861437 39214 486872023
256 500 375 -2 0.6 -1 1 0 2 8 0 39214 545995646 39214 687842088 39214 545994808 39214 687842646
256 500 375 -2 0.6 -1 1 0 2 9 0 39214 744901005 39214 887789784 39214 744900097 39214 887790483
256 500 375 -2 0.6 -1 1 0 2 10 0 39214 946433516 39215 87890719 39214 946432608 39215 87891278
256 500 375 -2 0.6 -1 1 1 0 1 1 39215 150783295 39215 295767232 39215 150770723 39215 295811512
256 500 375 -2 0.6 -1 1 1 0 2 1 39215 356428454 39215 498723567 39215 356388573 39215 498767568
256 500 375 -2 0.6 -1 1 1 0 3 1 39215 560078194 39215 705475254 39215 560065343 39215 705524353
256 500 375 -2 0.6 -1 1 1 0 4 1 39215 761160706 39215 905901796 39215 761152115 39215 905934972
256 500 375 -2 0.6 -1 1 1 0 5 1 39215 958195871 39216 104725928 39215 958178899 39216 104774189
256 500 375 -2 0.6 -1 1 1 0 6 1 39216 167123941 39216 314294880 39216 167112627 39216 314341884
256 500 375 -2 0.6 -1 1 1 0 7 1 39216 376060045 39216 517847747 39216 376041816 39216 517893214
256 500 375 -2 0.6 -1 1 1 0 8 1 39216 579065061 39216 725057744 39216 579052559 39216 725106984
256 500 375 -2 0.6 -1 1 1 0 9 1 39216 781658353 39216 926112529 39216 781647178 39216 926161699
256 500 375 -2 0.6 -1 1 1 0 10 1 39216 987071772 39217 134274978 39216 987059479 39217 134320655
256 500 375 -2 0.6 -1 1 1 1 1 1 39217 204642805 39217 204643993 39217 204630373 39217 204648043
256 500 375 -2 0.6 -1 1 1 1 2 1 39217 266771504 39217 266772761 39217 266760119 39217 266776672
256 500 375 -2 0.6 -1 1 1 1 3 1 39217 329540665 39217 329541852 39217 329529839 39217 329545763
256 500 375 -2 0.6 -1 1 1 1 4 1 39217 390893197 39217 390894384 39217 390876574 39217 390898784
256 500 375 -2 0.6 -1 1 1 1 5 1 39217 451733358 39217 451734266 39217 451722603 39217 451738387
256 500 375 -2 0.6 -1 1 1 1 6 1 39217 513662167 39217 513663425 39217 513651342 39217 513667336
256 500 375 -2 0.6 -1 1 1 1 7 1 39217 575107309 39217 575108497 39217 575090617 39217 575112617
256 500 375 -2 0.6 -1 1 1 1 8 1 39217 638986701 39217 638987888 39217 638975736 39217 638991869
256 500 375 -2 0.6 -1 1 1 1 9 1 39217 703154682 39217 703155870 39217 703142041 39217 703160130
256 500 375 -2 0.6 -1 1 1 1 10 1 39217 771836283 39217 771837471 39217 771825318 39217 771841452
256 500 375 -2 0.6 -1 1 1 2 1 1 39217 837852735 39217 837853922 39217 837840443 39217 837858113
256 500 375 -2 0.6 -1 1 1 2 2 1 39217 902117241 39217 902118429 39217 902102295 39217 902122410
256 500 375 -2 0.6 -1 1 1 2 3 1 39217 967323304 39217 967324561 39217 967311919 39217 967328472
256 500 375 -2 0.6 -1 1 1 2 4 1 39218 29650499 39218 29651686 39218 29636460 39218 29655876
256 500 375 -2 0.6 -1 1 1 2 5 1 39218 90427451 39218 90428638 39218 90412434 39218 90432898
256 500 375 -2 0.6 -1 1 1 2 6 1 39218 150551858 39218 150553046 39218 150540613 39218 150558773
256 500 375 -2 0.6 -1 1 1 2 7 1 39218 211753041 39218 211754228 39218 211739351 39218 211759676
256 500 375 -2 0.6 -1 1 1 2 8 1 39218 275627123 39218 275628520 39218 275612806 39218 275632711
256 500 375 -2 0.6 -1 1 1 2 9 1 39218 338222444 39218 338223632 39218 338210990 39218 338227613
256 500 375 -2 0.6 -1 1 1 2 10 1 39218 399606824 39218 399608081 39218 399592855 39218 399612271
256 500 375 -2 0.6 -1 1 2 0 1 1 39218 466359845 39218 540024481 39218 466349089 39218 540031535
256 500 375 -2 0.6 -1 1 2 0 1 2 39218 466357401 39218 539974682 39218 466349089 39218 540031535
256 500 375 -2 0.6 -1 1 2 0 2 1 39218 592210087 39218 667916171 39218 592194791 39218 667949486
256 500 375 -2 0.6 -1 1 2 0 2 2 39218 592208131 39218 667832709 39218 592194791 39218 667949486
256 500 375 -2 0.6 -1 1 2 0 3 1 39218 729018525 39218 806618198 39218 728867384 39218 806664784
256 500 375 -2 0.6 -1 1 2 0 3 2 39218 728974174 39218 806554292 39218 728867384 39218 806664784
256 500 375 -2 0.6 -1 1 2 0 4 1 39218 859227685 39218 927682295 39218 859218395 39218 927731744
256 500 375 -2 0.6 -1 1 2 0 4 2 39218 859224332 39218 927631799 39218 859218395 39218 927731744
256 500 375 -2 0.6 -1 1 2 0 5 1 39218 987665828 39219 66064230 39218 987550378 39219 66144131
256 500 375 -2 0.6 -1 1 2 0 5 2 39218 987651999 39219 66093634 39218 987550378 39219 66144131
256 500 375 -2 0.6 -1 1 2 0 6 1 39219 132409156 39219 207753454 39219 132378983 39219 208542612
256 500 375 -2 0.6 -1 1 2 0 6 2 39219 134054454 39219 208495049 39219 132378983 39219 208542612
256 500 375 -2 0.6 -1 1 2 0 7 1 39219 270781732 39219 341372151 39219 270777960 39219 341402463
256 500 375 -2 0.6 -1 1 2 0 7 2 39219 270790602 39219 341325915 39219 270777960 39219 341402463
256 500 375 -2 0.6 -1 1 2 0 8 1 39219 402539455 39219 471988983 39219 402519969 39219 472051982
256 500 375 -2 0.6 -1 1 2 0 8 2 39219 402531144 39219 472020412 39219 402519969 39219 472051982
256 500 375 -2 0.6 -1 1 2 0 9 1 39219 530120276 39219 601112711 39219 530110009 39219 601145258
256 500 375 -2 0.6 -1 1 2 0 9 2 39219 530125444 39219 601056976 39219 530110009 39219 601145258
256 500 375 -2 0.6 -1 1 2 0 10 1 39219 660274888 39219 731176735 39219 660228303 39219 731319565
256 500 375 -2 0.6 -1 1 2 0 10 2 39219 660277053 39219 731287437 39219 660228303 39219 731319565
