function x = data()
x = [
% input_size input_set variants nb_threads try global_start_sec global_start_nsec global_stop_sec global_stop_nsec
100000 0 1 0 1 37661 171571376 37661 214078936
100000 0 1 0 2 37661 289114191 37661 331593952
100000 0 1 1 1 37661 411434474 37661 436800470
100000 0 1 1 2 37661 510989507 37661 536351661
100000 0 1 2 1 37661 619304665 37661 638199846
100000 0 1 2 2 37661 718900415 37661 735488963
100000 0 1 3 1 37661 819885970 37661 839476578
100000 0 1 3 2 37661 918864449 37661 938862242
100000 0 1 4 1 37662 21018338 37662 39202449
100000 0 1 4 2 37662 118822475 37662 138912321
10000000 0 1 0 1 37663 779027154 37669 498724422
10000000 0 1 0 2 37673 703841733 37679 421845301
10000000 0 1 1 1 37683 590909375 37686 959887045
10000000 0 1 1 2 37691 199688161 37694 566889927
10000000 0 1 2 1 37698 810388526 37700 779438602
10000000 0 1 2 2 37705 19340282 37706 978415311
10000000 0 1 3 1 37711 221138296 37713 195736974
10000000 0 1 3 2 37717 949355463 37719 920035249
10000000 0 1 4 1 37724 182226958 37726 149859841
10000000 0 1 4 2 37730 392598668 37732 368262445
];
end
