function x = data()
x = [
% input_size input_set variants nb_threads try global_start_sec global_start_nsec global_stop_sec global_stop_nsec
100000 0 1 0 1 11984 232516756 11984 277005420
100000 0 1 0 2 11984 338361526 11984 382828399
100000 0 1 0 3 11984 452111235 11984 496714091
100000 0 1 0 4 11984 571654517 11984 616049799
100000 0 1 0 5 11984 691261914 11984 735685344
100000 0 1 1 1 11984 819292977 11984 844934907
100000 0 1 1 2 11984 920176216 11984 945785110
100000 0 1 1 3 11985 20885265 11985 46494788
100000 0 1 1 4 11985 121294899 11985 146948143
100000 0 1 1 5 11985 221325001 11985 246996475
100000 0 1 2 1 11985 329956939 11985 345375832
100000 0 1 2 2 11985 420440997 11985 436008866
100000 0 1 2 3 11985 511377359 11985 526778162
100000 0 1 2 4 11985 610130096 11985 625656129
100000 0 1 2 5 11985 701191129 11985 716547791
100000 0 1 3 1 11985 800378853 11985 817751960
100000 0 1 3 2 11985 900920488 11985 921331082
100000 0 1 3 3 11985 999672946 11986 15838115
100000 0 1 3 4 11986 98414512 11986 114579540
100000 0 1 3 5 11986 198261974 11986 218177591
100000 0 1 4 1 11986 300777800 11986 313874402
100000 0 1 4 2 11986 390673287 11986 404954362
100000 0 1 4 3 11986 481356747 11986 494164685
100000 0 1 4 4 11986 570898407 11986 584512898
100000 0 1 4 5 11986 661817728 11986 676204895
100000 0 1 5 1 11986 760323781 11986 774760467
100000 0 1 5 2 11986 851383696 11986 864610206
100000 0 1 5 3 11986 941088720 11986 956960267
100000 0 1 5 4 11987 31344808 11987 44530041
100000 0 1 5 5 11987 121090202 11987 134399756
100000 0 1 6 1 11987 219764574 11987 233595160
100000 0 1 6 2 11987 301961232 11987 317380754
100000 0 1 6 3 11987 392679753 11987 406620621
100000 0 1 6 4 11987 482694882 11987 495110091
100000 0 1 6 5 11987 571254056 11987 585663014
100000 1 1 0 1 11987 670077685 11987 695914966
100000 1 1 0 2 11987 759047259 11987 784979248
100000 1 1 0 3 11987 848896091 11987 874807336
100000 1 1 0 4 11987 939155460 11987 965093317
100000 1 1 0 5 11988 29444793 11988 55668379
100000 1 1 1 1 11988 121868679 11988 138929519
100000 1 1 1 2 11988 201445932 11988 218452853
100000 1 1 1 3 11988 281036526 11988 298029546
100000 1 1 1 4 11988 360423106 11988 377425415
100000 1 1 1 5 11988 440531027 11988 457503654
100000 1 1 2 1 11988 529250352 11988 540038353
100000 1 1 2 2 11988 601602313 11988 613008496
100000 1 1 2 3 11988 678448273 11988 689288586
100000 1 1 2 4 11988 751849908 11988 763224103
100000 1 1 2 5 11988 822891817 11988 833612699
100000 1 1 3 1 11988 901239616 11988 918101472
100000 1 1 3 2 11988 988859329 11989 1099233
100000 1 1 3 3 11989 68517669 11989 80471773
100000 1 1 3 4 11989 142014851 11989 157174275
100000 1 1 3 5 11989 221617875 11989 233821180
100000 1 1 4 1 11989 308549281 11989 323021237
100000 1 1 4 2 11989 389279647 11989 404015122
100000 1 1 4 3 11989 470444579 11989 484645823
100000 1 1 4 4 11989 550892916 11989 565132224
100000 1 1 4 5 11989 630814706 11989 644781695
100000 1 1 5 1 11989 719316609 11989 733760698
100000 1 1 5 2 11989 800962551 11989 815735673
100000 1 1 5 3 11989 880280475 11989 894682447
100000 1 1 5 4 11989 961679870 11989 976521647
100000 1 1 5 5 11990 41901776 11990 55854239
100000 1 1 6 1 11990 130377768 11990 145318722
100000 1 1 6 2 11990 211257317 11990 226912350
100000 1 1 6 3 11990 298715342 11990 313772515
100000 1 1 6 4 11990 374719410 11990 392258536
100000 1 1 6 5 11990 451275938 11990 466621634
100000 2 1 0 1 11990 540690204 11990 567117662
100000 2 1 0 2 11990 631358088 11990 657493042
100000 2 1 0 3 11990 721719918 11990 748200318
100000 2 1 0 4 11990 818315055 11990 844255077
100000 2 1 0 5 11990 909453754 11990 935335177
100000 2 1 1 1 11991 2066007 11991 19721072
100000 2 1 1 2 11991 81986048 11991 99621350
100000 2 1 1 3 11991 168274966 11991 185876183
100000 2 1 1 4 11991 250368674 11991 267983300
100000 2 1 1 5 11991 331300258 11991 348944569
100000 2 1 2 1 11991 411178745 11991 423151636
100000 2 1 2 2 11991 489276366 11991 500422523
100000 2 1 2 3 11991 568304859 11991 579413581
100000 2 1 2 4 11991 645756009 11991 656936669
100000 2 1 2 5 11991 721855203 11991 733634280
100000 2 1 3 1 11991 819956793 11991 832185732
100000 2 1 3 2 11991 899870689 11991 911727362
100000 2 1 3 3 11991 980021147 11991 997484981
100000 2 1 3 4 11992 62111012 11992 77809417
100000 2 1 3 5 11992 148852792 11992 160855368
100000 2 1 4 1 11992 239122639 11992 253847149
100000 2 1 4 2 11992 340373183 11992 355959421
100000 2 1 4 3 11992 408822298 11992 424890245
100000 2 1 4 4 11992 500526728 11992 515868442
100000 2 1 4 5 11992 582948698 11992 597155740
100000 2 1 5 1 11992 670064700 11992 685207080
100000 2 1 5 2 11992 758179460 11992 772701284
100000 2 1 5 3 11992 841079089 11992 855138969
100000 2 1 5 4 11992 922559153 11992 938131420
100000 2 1 5 5 11993 9765880 11993 24934454
100000 2 1 6 1 11993 100205027 11993 114361081
100000 2 1 6 2 11993 181916411 11993 197496922
100000 2 1 6 3 11993 269288737 11993 283752591
100000 2 1 6 4 11993 351360653 11993 366916578
100000 2 1 6 5 11993 431930799 11993 446571426
100000 3 1 0 1 11993 524187617 11993 524779888
100000 3 1 0 2 11993 592592521 11993 593191568
100000 3 1 0 3 11993 661846161 11993 662441157
100000 3 1 0 4 11993 731417169 11993 732019567
100000 3 1 0 5 11993 801274604 11993 801863663
100000 3 1 1 1 11993 873273368 11993 890361794
100000 3 1 1 2 11993 954942286 11993 971924971
100000 3 1 1 3 11994 35136675 11994 52124876
100000 3 1 1 4 11994 114682706 11994 131651212
100000 3 1 1 5 11994 201474844 11994 218473312
100000 3 1 2 1 11994 292594963 11994 303431226
100000 3 1 2 2 11994 384523378 11994 395357824
100000 3 1 2 3 11994 452377079 11994 463201119
100000 3 1 2 4 11994 532269603 11994 543562780
100000 3 1 2 5 11994 611742857 11994 622545106
100000 3 1 3 1 11994 693755406 11994 709343530
100000 3 1 3 2 11994 774489612 11994 788885649
100000 3 1 3 3 11994 854870902 11994 869521307
100000 3 1 3 4 11994 934552849 11994 949051835
100000 3 1 3 5 11995 14667056 11995 28455666
100000 3 1 4 1 11995 104201661 11995 119621741
100000 3 1 4 2 11995 185087777 11995 199921172
100000 3 1 4 3 11995 271681001 11995 286685303
100000 3 1 4 4 11995 354632035 11995 370904972
100000 3 1 4 5 11995 442655509 11995 458328421
100000 3 1 5 1 11995 533588379 11995 548964037
100000 3 1 5 2 11995 615347676 11995 630914285
100000 3 1 5 3 11995 694989322 11995 709750151
100000 3 1 5 4 11995 774160716 11995 788736877
100000 3 1 5 5 11995 853986190 11995 868567101
100000 3 1 6 1 11995 943895504 11995 959740441
100000 3 1 6 2 11996 32139125 11996 48844602
100000 3 1 6 3 11996 114588823 11996 130046339
100000 3 1 6 4 11996 201754414 11996 216077463
100000 3 1 6 5 11996 284093969 11996 299841542
10000000 0 1 0 1 11997 897082227 12003 551977813
10000000 0 1 0 2 12007 882091853 12013 536481967
10000000 0 1 0 3 12017 715287435 12023 371728347
10000000 0 1 0 4 12027 555358671 12033 198848243
10000000 0 1 0 5 12037 376917719 12043 34346260
10000000 0 1 1 1 12047 246561099 12050 626733685
10000000 0 1 1 2 12054 887659303 12058 267538928
10000000 0 1 1 3 12062 526118812 12065 908120168
10000000 0 1 1 4 12070 172685575 12073 554820575
10000000 0 1 1 5 12077 819199454 12081 199835996
10000000 0 1 2 1 12085 463505988 12087 407873757
10000000 0 1 2 2 12091 656909090 12093 605546014
10000000 0 1 2 3 12097 855506036 12099 803460293
10000000 0 1 2 4 12104 47731050 12105 996124606
10000000 0 1 2 5 12110 245930265 12112 194583551
10000000 0 1 3 1 12116 453451412 12118 445022838
10000000 0 1 3 2 12122 686868379 12124 678145258
10000000 0 1 3 3 12128 927555838 12130 916699893
10000000 0 1 3 4 12135 159179327 12137 147036431
10000000 0 1 3 5 12141 393889554 12143 383648753
10000000 0 1 4 1 12147 639657737 12149 224730035
10000000 0 1 4 2 12153 469984441 12155 9449604
10000000 0 1 4 3 12159 259501860 12160 835044012
10000000 0 1 4 4 12165 80829436 12166 714723565
10000000 0 1 4 5 12170 974540962 12172 608271436
10000000 0 1 5 1 12176 865205735 12178 499607389
