function x = data()
x = [
% input_size input_set variants nb_threads try global_start_sec global_start_nsec global_stop_sec global_stop_nsec
100000 0 1 0 1 12719 609888134 12719 653139508
100000 0 1 0 2 12719 722084570 12719 765285936
100000 0 1 1 1 12719 843270354 12719 869024389
100000 0 1 1 2 12719 940952096 12719 966527681
100000 0 1 2 1 12720 50246766 12720 65722290
100000 0 1 2 2 12720 150932384 12720 166344840
100000 0 1 3 1 12720 249126493 12720 264917009
100000 0 1 3 2 12720 371671422 12720 391136726
100000 0 1 4 1 12720 471448591 12720 486077969
100000 0 1 4 2 12720 541871042 12720 556149460
100000 1 1 0 1 12720 631907145 12720 657492440
100000 1 1 0 2 12720 718442367 12720 744202478
100000 1 1 1 1 12720 783847721 12720 800931937
100000 1 1 1 2 12720 850072679 12720 867247273
100000 1 1 2 1 12720 922878382 12720 933744411
100000 1 1 2 2 12720 996417157 12721 7328652
100000 1 1 3 1 12721 78481732 12721 90386884
100000 1 1 3 2 12721 152292475 12721 167297606
100000 1 1 4 1 12721 240272820 12721 256264064
100000 1 1 4 2 12721 320029433 12721 336672661
100000 2 1 0 1 12721 408313945 12721 434027119
100000 2 1 0 2 12721 498754437 12721 524688036
100000 2 1 1 1 12721 579142291 12721 596952876
100000 2 1 1 2 12721 660018139 12721 677681215
100000 2 1 2 1 12721 749548788 12721 760751249
100000 2 1 2 2 12721 821891920 12721 833861466
100000 2 1 3 1 12721 899291544 12721 911747686
100000 2 1 3 2 12721 978927680 12721 991102355
100000 2 1 4 1 12722 61027246 12722 76027768
100000 2 1 4 2 12722 164700046 12722 179142245
100000 3 1 0 1 12722 253575148 12722 254165879
100000 3 1 0 2 12722 314806685 12722 315408383
100000 3 1 1 1 12722 385012204 12722 402136581
100000 3 1 1 2 12722 464842015 12722 481878528
100000 3 1 2 1 12722 552839120 12722 564227644
100000 3 1 2 2 12722 631480411 12722 642255505
100000 3 1 3 1 12722 705265523 12722 719459359
100000 3 1 3 2 12722 783133093 12722 798214287
100000 3 1 4 1 12722 878082158 12722 893517525
100000 3 1 4 2 12722 962438633 12722 976330117
10000000 0 1 0 1 12724 576291417 12730 274104115
10000000 0 1 0 2 12734 455856958 12740 154879955
10000000 0 1 1 1 12744 348953438 12747 728054373
10000000 0 1 1 2 12751 987535927 12755 366746583
10000000 0 1 2 1 12759 626508549 12761 568529594
10000000 0 1 2 2 12765 792791564 12767 737410834
10000000 0 1 3 1 12771 970000455 12773 963156534
10000000 0 1 3 2 12778 183735536 12780 174360221
10000000 0 1 4 1 12784 407275582 12785 969803688
10000000 0 1 4 2 12790 188913955 12791 684407620
10000000 1 1 0 1 12795 906077487 12799 179222496
10000000 1 1 0 2 12801 488419510 12804 772279126
10000000 1 1 1 1 12807 102568502 12809 266090620
10000000 1 1 1 2 12811 632868962 12813 798872461
10000000 1 1 2 1 12816 206758134 12817 511653631
10000000 1 1 2 2 12819 881635806 12821 191467942
10000000 1 1 3 1 12823 551327915 12825 34560152
10000000 1 1 3 2 12827 410234524 12828 823177502
10000000 1 1 4 1 12831 196634219 12833 185502337
10000000 1 1 4 2 12835 550633772 12837 583113859
10000000 2 1 0 1 12839 947653444 12843 207401919
10000000 2 1 0 2 12846 135311951 12849 417960464
10000000 2 1 1 1 12851 971058442 12854 202299025
10000000 2 1 1 2 12856 759075838 12858 985944459
10000000 2 1 2 1 12861 550443109 12862 890337253
10000000 2 1 2 2 12865 443542784 12866 781402331
10000000 2 1 3 1 12869 342419866 12870 779879666
10000000 2 1 3 2 12873 338328443 12874 770509443
10000000 2 1 4 1 12877 331470681 12879 369256934
10000000 2 1 4 2 12881 932184248 12883 929854937
10000000 3 1 0 1 12886 669732258 12886 729393793
10000000 3 1 0 2 12889 242296290 12889 301465154
10000000 3 1 1 1 12891 819843410 12893 981777548
10000000 3 1 1 2 12896 516536910 12898 676103929
10000000 3 1 2 1 12901 240633572 12902 543813008
10000000 3 1 2 2 12905 95128920 12906 400950934
10000000 3 1 3 1 12908 957823621 12910 371065644
10000000 3 1 3 2 12912 923401402 12914 360109543
10000000 3 1 4 1 12916 915196969 12918 932937650
10000000 3 1 4 2 12921 487879871 12923 633300540
];
end
