function x = data()
x = [
% input_size input_set variants nb_threads try global_start_sec global_start_nsec global_stop_sec global_stop_nsec
100000 0 1 0 1 37574 512328350 37574 554783458
100000 0 1 0 2 37574 629950436 37574 672626389
100000 0 1 0 3 37574 748563526 37574 790971840
100000 0 1 0 4 37574 862610631 37574 905075588
100000 0 1 0 5 37574 980353476 37575 22896796
100000 0 1 1 1 37575 101315735 37575 126770501
100000 0 1 1 2 37575 201243940 37575 226620062
100000 0 1 1 3 37575 290182559 37575 315590948
100000 0 1 1 4 37575 391318210 37575 416709138
100000 0 1 1 5 37575 491191378 37575 516603958
100000 0 1 2 1 37575 599622617 37575 625059432
100000 0 1 2 2 37575 699405269 37575 718967242
100000 0 1 2 3 37575 799472391 37575 818718813
100000 0 1 2 4 37575 899019809 37575 919255210
100000 0 1 2 5 37575 999096781 37576 18535411
100000 0 1 3 1 37576 101261428 37576 119796568
100000 0 1 3 2 37576 199306735 37576 219021105
100000 0 1 3 3 37576 299521993 37576 319223373
100000 0 1 3 4 37576 398033015 37576 418827716
100000 0 1 3 5 37576 490917763 37576 515487967
100000 0 1 4 1 37576 592583940 37576 615752046
100000 0 1 4 2 37576 690209421 37576 709489228
100000 0 1 4 3 37576 791104113 37576 809366727
100000 0 1 4 4 37576 888509658 37576 908727386
100000 0 1 4 5 37576 988920477 37577 8863652
100000 1 1 0 1 37577 90654961 37577 116983952
100000 1 1 0 2 37577 179685005 37577 206085933
100000 1 1 0 3 37577 270054358 37577 295938798
100000 1 1 0 4 37577 359056046 37577 384933710
100000 1 1 0 5 37577 448396892 37577 474199056
100000 1 1 1 1 37577 540409580 37577 557261018
100000 1 1 1 2 37577 610363899 37577 627159182
100000 1 1 1 3 37577 699647682 37577 716470553
100000 1 1 1 4 37577 788453599 37577 805270884
100000 1 1 1 5 37577 878581296 37577 895452569
100000 1 1 2 1 37577 990931844 37578 4632314
100000 1 1 2 2 37578 52061990 37578 63675343
100000 1 1 2 3 37578 111969673 37578 130573959
100000 1 1 2 4 37578 181066388 37578 194361770
100000 1 1 2 5 37578 269526933 37578 283837691
100000 1 1 3 1 37578 358940695 37578 373701452
100000 1 1 3 2 37578 439873283 37578 454172867
100000 1 1 3 3 37578 511890692 37578 531172804
100000 1 1 3 4 37578 600712186 37578 614013851
100000 1 1 3 5 37578 680182960 37578 694211761
100000 1 1 4 1 37578 768902971 37578 784079572
100000 1 1 4 2 37578 850316638 37578 863802758
100000 1 1 4 3 37578 930015170 37578 944608581
100000 1 1 4 4 37579 8788560 37579 29730630
100000 1 1 4 5 37579 120479093 37579 133993779
100000 2 1 0 1 37579 208580645 37579 234601138
100000 2 1 0 2 37579 292187800 37579 318328632
100000 2 1 0 3 37579 380453412 37579 406765919
100000 2 1 0 4 37579 469475982 37579 495520712
100000 2 1 0 5 37579 559042561 37579 585098676
100000 2 1 1 1 37579 650964244 37579 668491342
100000 2 1 1 2 37579 731718314 37579 756493716
100000 2 1 1 3 37579 819317065 37579 836808053
100000 2 1 1 4 37579 899461125 37579 916958331
100000 2 1 1 5 37579 980308156 37579 997819329
100000 2 1 2 1 37580 68503298 37580 83279838
100000 2 1 2 2 37580 148816238 37580 164035024
100000 2 1 2 3 37580 231864648 37580 245682805
100000 2 1 2 4 37580 321101008 37580 337460961
100000 2 1 2 5 37580 402652615 37580 415195927
100000 2 1 3 1 37580 491384290 37580 510566108
100000 2 1 3 2 37580 578539190 37580 593207405
100000 2 1 3 3 37580 641008783 37580 657522878
100000 2 1 3 4 37580 712202884 37580 725127819
100000 2 1 3 5 37580 790191798 37580 804474761
100000 2 1 4 1 37580 882499576 37580 901624750
100000 2 1 4 2 37580 961396798 37580 975457590
100000 2 1 4 3 37581 41180469 37581 54971316
100000 2 1 4 4 37581 120918253 37581 134911014
100000 2 1 4 5 37581 202379273 37581 214958204
100000 3 1 0 1 37581 292286404 37581 292876507
100000 3 1 0 2 37581 362473091 37581 363085126
100000 3 1 0 3 37581 424494153 37581 425096549
100000 3 1 0 4 37581 491491876 37581 492087357
100000 3 1 0 5 37581 555235897 37581 555865810
100000 3 1 1 1 37581 623090174 37581 640141922
100000 3 1 1 2 37581 703610968 37581 720436911
100000 3 1 1 3 37581 783979293 37581 800783727
100000 3 1 1 4 37581 864731058 37581 881523688
100000 3 1 1 5 37581 943778514 37581 960582667
100000 3 1 2 1 37582 32238151 37582 51215817
100000 3 1 2 2 37582 123140545 37582 141442063
100000 3 1 2 3 37582 204708704 37582 221365001
100000 3 1 2 4 37582 285118796 37582 301945020
100000 3 1 2 5 37582 364204038 37582 381495415
100000 3 1 3 1 37582 453184144 37582 464869575
100000 3 1 3 2 37582 533275474 37582 551313123
100000 3 1 3 3 37582 614298857 37582 631812753
100000 3 1 3 4 37582 686063294 37582 702939875
100000 3 1 3 5 37582 761880653 37582 775471889
100000 3 1 4 1 37582 851389680 37582 864275432
100000 3 1 4 2 37582 933177425 37582 950830589
100000 3 1 4 3 37583 13955171 37583 31279445
100000 3 1 4 4 37583 101249197 37583 114282040
100000 3 1 4 5 37583 442976550 37583 454991219
10000000 0 1 0 1 37585 96632074 37590 816952698
10000000 0 1 0 2 37595 25532881 37600 738594294
10000000 0 1 0 3 37604 953098482 37610 664070603
];
end
