function x = data()
x = [
% input_size input_set variants nb_threads try global_start_sec global_start_nsec global_stop_sec global_stop_nsec
100000 0 1 0 1 40378 868904476 40378 910608974
100000 0 1 0 2 40378 981868646 40379 23434227
100000 0 1 1 1 40379 101249920 40379 126697975
100000 0 1 1 2 40379 199997271 40379 225331834
100000 0 1 2 1 40379 308365286 40379 323760632
100000 0 1 2 2 40379 399496961 40379 414933723
100000 0 1 3 1 40379 498813322 40379 513494665
100000 0 1 3 2 40379 588963075 40379 603556416
100000 0 1 4 1 40379 681829161 40379 698177584
100000 0 1 4 2 40379 778753123 40379 794501038
10000000 0 1 0 1 40381 418293879 40387 15095922
10000000 0 1 0 2 40391 218868203 40396 809954155
10000000 0 1 1 1 40401 13175585 40404 375714287
10000000 0 1 1 2 40408 608067990 40411 968496316
10000000 0 1 2 1 40416 213038109 40418 174487868
10000000 0 1 2 2 40422 408271536 40424 358024762
10000000 0 1 3 1 40428 599939479 40430 489752974
10000000 0 1 3 2 40434 733777159 40436 630793280
10000000 0 1 4 1 40440 879352789 40442 906124450
10000000 0 1 4 2 40447 141718936 40449 228534184
];
end
