function x = data()
x = [
% input_size input_set variants nb_threads try global_start_sec global_start_nsec global_stop_sec global_stop_nsec
100000 0 1 0 1 3119 622857461 3119 665280703
100000 0 1 0 2 3119 721767522 3119 764069446
100000 0 1 1 1 3119 840137853 3119 865777204
100000 0 1 1 2 3119 939938272 3119 965598645
100000 0 1 2 1 3120 49072293 3120 64262997
100000 0 1 2 2 3120 212281317 3120 227532016
100000 0 1 3 1 3120 309128774 3120 323728885
100000 0 1 3 2 3120 390985978 3120 405572609
100000 0 1 4 1 3120 488924382 3120 505412838
100000 0 1 4 2 3120 557700138 3120 573106448
100000 1 1 0 1 3120 652089124 3120 678000302
100000 1 1 0 2 3120 740415601 3120 765796112
100000 1 1 1 1 3120 832536647 3120 849508624
100000 1 1 1 2 3120 912376853 3120 929328858
100000 1 1 2 1 3120 992851656 3121 5148555
100000 1 1 2 2 3121 68083904 3121 78916338
100000 1 1 3 1 3121 142393458 3121 153147528
100000 1 1 3 2 3121 212435121 3121 222948371
100000 1 1 4 1 3121 288834724 3121 303831335
100000 1 1 4 2 3121 362874406 3121 376730130
100000 2 1 0 1 3121 442978829 3121 468646954
100000 2 1 0 2 3121 531329960 3121 557053611
100000 2 1 1 1 3121 623243292 3121 640847978
100000 2 1 1 2 3121 702440177 3121 720045212
100000 2 1 2 1 3121 789393681 3121 800500458
100000 2 1 2 2 3121 840860469 3121 854071612
100000 2 1 3 1 3121 919648701 3121 930819174
100000 2 1 3 2 3121 990767690 3122 1511841
100000 2 1 4 1 3122 70520036 3122 83493643
100000 2 1 4 2 3122 148137771 3122 162251146
100000 3 1 0 1 3122 233119328 3122 233716904
100000 3 1 0 2 3122 295971915 3122 296571516
100000 3 1 1 1 3122 364176075 3122 381125145
100000 3 1 1 2 3122 444524461 3122 461435048
100000 3 1 2 1 3122 532348629 3122 544332492
100000 3 1 2 2 3122 611347718 3122 622178406
100000 3 1 3 1 3122 683366911 3122 694097724
100000 3 1 3 2 3122 753869046 3122 764490624
100000 3 1 4 1 3122 833342020 3122 847798883
100000 3 1 4 2 3122 912282931 3122 925904961
10000000 0 1 0 1 3124 515598413 3130 101334915
10000000 0 1 0 2 3134 289940989 3139 872124526
10000000 0 1 1 1 3144 68028242 3147 455827714
10000000 0 1 1 2 3151 678933414 3155 68296088
10000000 0 1 2 1 3159 284180137 3161 206577083
10000000 0 1 2 2 3165 448808458 3167 375169470
10000000 0 1 3 1 3171 629170476 3173 491591162
10000000 0 1 3 2 3177 728229466 3179 598025559
10000000 0 1 4 1 3183 851084831 3185 880675513
10000000 0 1 4 2 3190 110681909 3192 200328863
10000000 1 1 0 1 3196 461708409 3199 699775826
10000000 1 1 0 2 3202 21273847 3205 254001058
10000000 1 1 1 1 3207 580930476 3209 741151468
10000000 1 1 1 2 3212 97953687 3214 260274712
10000000 1 1 2 1 3216 608027372 3217 913818037
10000000 1 1 2 2 3220 246170461 3221 551140468
10000000 1 1 3 1 3223 907429533 3225 199040815
10000000 1 1 3 2 3227 547090011 3228 844751647
10000000 1 1 4 1 3231 185426119 3233 36499967
10000000 1 1 4 2 3235 385021985 3237 226572042
10000000 2 1 0 1 3239 601694023 3242 870545740
10000000 2 1 0 2 3245 419119953 3248 689051778
10000000 2 1 1 1 3251 189494484 3253 417488847
10000000 2 1 1 2 3255 957900498 3258 185310061
10000000 2 1 2 1 3260 724527530 3262 62858409
10000000 2 1 2 2 3264 592756241 3265 939433278
10000000 2 1 3 1 3268 478061332 3269 806291797
10000000 2 1 3 2 3272 326667089 3273 667824852
10000000 2 1 4 1 3276 203526964 3278 31271677
10000000 2 1 4 2 3280 556844043 3282 413862935
10000000 3 1 0 1 3285 152451398 3285 211936915
10000000 3 1 0 2 3287 733857882 3287 793294020
10000000 3 1 1 1 3290 310310261 3292 471461871
10000000 3 1 1 2 3295 20607256 3297 182951080
10000000 3 1 2 1 3299 711576182 3301 13228030
10000000 3 1 2 2 3303 525786665 3304 830959852
10000000 3 1 3 1 3307 357225093 3308 672288318
10000000 3 1 3 2 3311 200836371 3312 516619116
10000000 3 1 4 1 3315 79471294 3316 986200524
10000000 3 1 4 2 3319 515012921 3321 385467885
100000 0 1 0 1 40378 868904476 40378 910608974
100000 0 1 0 2 40378 981868646 40379 23434227
100000 0 1 1 1 40379 101249920 40379 126697975
100000 0 1 1 2 40379 199997271 40379 225331834
100000 0 1 2 1 40379 308365286 40379 323760632
100000 0 1 2 2 40379 399496961 40379 414933723
100000 0 1 3 1 40379 498813322 40379 513494665
100000 0 1 3 2 40379 588963075 40379 603556416
100000 0 1 4 1 40379 681829161 40379 698177584
100000 0 1 4 2 40379 778753123 40379 794501038
10000000 0 1 0 1 40381 418293879 40387 15095922
10000000 0 1 0 2 40391 218868203 40396 809954155
10000000 0 1 1 1 40401 13175585 40404 375714287
10000000 0 1 1 2 40408 608067990 40411 968496316
10000000 0 1 2 1 40416 213038109 40418 174487868
10000000 0 1 2 2 40422 408271536 40424 358024762
10000000 0 1 3 1 40428 599939479 40430 489752974
10000000 0 1 3 2 40434 733777159 40436 630793280
10000000 0 1 4 1 40440 879352789 40442 906124450
10000000 0 1 4 2 40447 141718936 40449 228534184
];
end
