function x = data()
x = [
% input_size input_set variants nb_threads try global_start_sec global_start_nsec global_stop_sec global_stop_nsec
100000 0 1 6 1 37213 129039638 37213 144544433
100000 0 1 6 2 37213 228376697 37213 248792852
100000 0 1 6 3 37213 321892346 37213 340030642
100000 0 1 6 4 37213 418811582 37213 437933127
100000 0 1 6 5 37213 511918019 37213 529885897
100000 1 1 6 1 37213 611769056 37213 625686668
100000 1 1 6 2 37213 690011578 37213 703579557
100000 1 1 6 3 37213 753868327 37213 765052844
100000 1 1 6 4 37213 810555416 37213 823821324
100000 1 1 6 5 37213 890369264 37213 903784706
100000 2 1 6 1 37213 979570502 37214 338524
100000 2 1 6 2 37214 61099554 37214 75870998
100000 2 1 6 3 37214 141431009 37214 154363696
100000 2 1 6 4 37214 220989583 37214 234482831
100000 2 1 6 5 37214 300750141 37214 314848858
100000 3 1 6 1 37214 394411062 37214 410958264
100000 3 1 6 2 37214 480987319 37214 493972109
100000 3 1 6 3 37214 563869511 37214 580682605
100000 3 1 6 4 37214 643939684 37214 659855785
100000 3 1 6 5 37214 725588867 37214 741699061
10000000 0 1 6 1 37216 342440548 37218 339774645
10000000 0 1 6 2 37222 591860083 37224 566393234
10000000 0 1 6 3 37228 801621500 37230 779174939
10000000 0 1 6 4 37235 19672574 37237 330878
10000000 0 1 6 5 37241 239559599 37243 210730148
10000000 1 1 6 1 37247 460501802 37248 809731115
10000000 1 1 6 2 37251 169219273 37252 513234036
10000000 1 1 6 3 37254 902730442 37256 252700506
10000000 1 1 6 4 37258 761971916 37260 107765718
10000000 1 1 6 5 37262 471708804 37263 823020689
10000000 2 1 6 1 37266 199520358 37267 581965522
10000000 2 1 6 2 37270 133772217 37271 530380494
10000000 2 1 6 3 37274 70727276 37275 469311269
10000000 2 1 6 4 37278 32579054 37279 413496611
10000000 2 1 6 5 37281 951354744 37283 335009585
10000000 3 1 6 1 37286 73432413 37287 428075522
10000000 3 1 6 2 37289 982695688 37291 323092852
10000000 3 1 6 3 37293 880328427 37295 226815406
10000000 3 1 6 4 37297 768919706 37299 123885415
10000000 3 1 6 5 37301 679669159 37303 35827646
];
end
